first:
  joint1: 1.4275007573601934
  joint2: -0.16469079641033613
  joint3: 0.3737998106685527
  joint4: 0.581385573597732
  joint5: 0.08919892142383379
  joint6: 0.7369996383016284
  joint7: 1.7304997572767675
home:
  joint1: -2.949798331108866e-05
  joint2: 1.7715682647079234e-05
  joint3: -1.1755457686390969e-05
  joint4: -1.3623583348554291e-05
  joint5: -6.813470815103528e-06
  joint6: 3.836229430120852e-06
  joint7: -2.706515684458566e-06
